.Random.seed <-
c(403L, 10L, 896568480L, -1259533250L, 1484505929L, -275492357L, 
-1712146998L, 21003052L, 605352751L, 318056933L, -1566116708L, 
67698930L, 1600461165L, -1391274329L, 944724174L, 1751873064L, 
1661730347L, 589403209L, -1154620072L, 1123056646L, 346652129L, 
1287735155L, 1069302754L, 1415801684L, 503014999L, 456515149L, 
20926948L, -1791120438L, -37663179L, -263285617L, -556892778L, 
1266655552L, -1845887997L, 1979170337L, 1994770704L, 37775086L, 
-1979385191L, -429100245L, 284663322L, -1150503716L, -1721382689L, 
-1651382603L, 727064652L, 509090978L, 1953442813L, -781223689L, 
-1842749922L, -1638272808L, 573183035L, -567837223L, 808725352L, 
45336214L, -1094803439L, 513671619L, -1488704046L, -706640796L, 
-1951616089L, -390374147L, 930412788L, 2016448474L, 794682149L, 
855593535L, 1897068998L, -21541296L, 331580019L, -1370818927L, 
905187008L, 996481182L, 676885609L, 1922293915L, 577102250L, 
208009676L, -294562673L, 37137605L, -1046266756L, 1725116626L, 
-1408479155L, 2106403079L, 1700224238L, 687371720L, 1568766667L, 
-440261847L, 18858872L, -1020323674L, -1284676927L, 140432211L, 
1562230786L, -1879020236L, -797104457L, 1062869677L, 327277508L, 
583025642L, -1286034347L, -661237265L, 1328314870L, -624500960L, 
2015834339L, 1426777473L, -430832656L, -658519410L, -2117427719L, 
-1240817781L, 1140693946L, -2076474692L, -314484225L, -1399748779L, 
-1703296916L, -335932222L, -1636090083L, 140539287L, -446176002L, 
-787976520L, 251547803L, 1227251449L, 1207300168L, -238681226L, 
953980593L, -1193871645L, 917636530L, 698625540L, -460815033L, 
-1720057827L, -357431660L, -1868558790L, -1449279355L, -1265892001L, 
-665522714L, -2066758544L, -841607277L, 920150065L, 1657286368L, 
1553876862L, -1945108983L, -1115498949L, -1461802998L, 2025265132L, 
-1936122769L, 2036478885L, 1363645276L, -1667342542L, -1307374035L, 
192070887L, 849561102L, -1227924504L, 1791485419L, -1121554807L, 
1239137816L, -8817338L, 388932513L, 1245253171L, -184294494L, 
1434400404L, 637097239L, -28347635L, 622191140L, 239282698L, 
-1705602187L, -1586219313L, 1538283990L, 1676244352L, 495660483L, 
-1810642079L, 1259770320L, 1374341422L, 1539543257L, -1670092053L, 
643086170L, 279245084L, 2064406559L, 1621664885L, -1356398324L, 
-1175237406L, 1836680637L, -212184521L, 70893790L, 1366436888L, 
989664123L, 355623705L, 1345781672L, 165125974L, -519428143L, 
-950897789L, 2102064658L, -7188060L, -957348505L, -1633146179L, 
709110324L, -1742868070L, 1116753381L, 563235199L, -1361895162L, 
698718864L, 1612434227L, 1783099601L, 1177887360L, -937782434L, 
-1680260951L, 2144682843L, 1490268522L, 1640502284L, 270447695L, 
-552286971L, -262560324L, -758288238L, 863298445L, 1395577799L, 
1119594670L, 806676744L, -2032167157L, 678539753L, -877545800L, 
790675814L, 2000028161L, 641744019L, 1164306242L, 1466956020L, 
1646163191L, 1014648045L, -1871470716L, -2146324054L, -350623979L, 
1214526895L, 776445366L, 1410474976L, 1081420579L, -2070279103L, 
361545520L, -1617351346L, 169340857L, -1223005176L, -928707316L, 
-1348924260L, -690908654L, 1799598976L, 1775384084L, -984093144L, 
1219730746L, 1828941264L, 424888428L, -638089932L, -500421998L, 
-2060169376L, 535048012L, -1531189280L, 1084783522L, 1152015272L, 
1887844748L, -1570341700L, 1420689778L, -1692473104L, 873224260L, 
-717200040L, 468503098L, -1872654480L, -366605252L, 2087387924L, 
-819509822L, 1064062688L, 1201351548L, 817033936L, 151383202L, 
-2125283288L, 664828172L, 1190546364L, -349455054L, -537960000L, 
-176899532L, 276877256L, -2048377670L, -773066352L, 1903641068L, 
-1600178604L, -1358490478L, 950371104L, -1322155572L, -833210912L, 
-1801541950L, -1959573464L, 1790498476L, 392093884L, 833543666L, 
1597197616L, -1261706076L, 1144863416L, -1294345894L, -920008304L, 
553281404L, -1498945260L, 305340226L, -652464384L, -2048932932L, 
-1525574832L, -536805598L, -779721400L, 1756990988L, -2138359716L, 
1735921874L, -2113843712L, 1422283092L, 72113640L, 1947876346L, 
1678367952L, 2052127020L, 634144500L, 973856146L, -364019616L, 
1617564940L, -1469269280L, -1364296350L, -590667096L, -1498076596L, 
161445244L, 969169202L, -667038608L, -1964963004L, 374809048L, 
378246266L, -445766096L, 1250935484L, 952234836L, -1350586302L, 
-1639429728L, -1690978628L, -187957808L, 893435234L, 95750120L, 
-900288564L, 1015956220L, -726354446L, -31716224L, -1986357004L, 
1188453000L, -1254397126L, 1799259984L, -1535534484L, 775264404L, 
1002889554L, 1524070112L, -1393473844L, -1477334880L, 340469634L, 
-2018654488L, -1828081940L, -1200820164L, -1427200398L, -327527312L, 
128215588L, 1615599672L, -1324863462L, 744318672L, -1300923332L, 
489286804L, -1539143550L, 19173312L, -759244484L, 1082390160L, 
1801920546L, -205858808L, 422366348L, 939529244L, -1261917550L, 
1148547200L, 281768980L, 1966475560L, 908257850L, -740985648L, 
-725289876L, 498515636L, 1520535570L, -440801312L, -1236823092L, 
-1810280992L, -475053534L, -954499800L, -768674548L, -1896255940L, 
61808882L, 275738352L, 1703792452L, -1075806632L, -874571206L, 
-550609168L, 1573621948L, 334553620L, -588094270L, -360729504L, 
119856508L, -675118896L, -1016630238L, -412569944L, 890160012L, 
-352084548L, -1184330702L, -370481344L, 1241871540L, -288528568L, 
1771240122L, 259186448L, -1530499860L, -1035447212L, -1002221806L, 
-1618131040L, 1717507020L, -659012768L, 1203311810L, -274835928L, 
1628059052L, 505940796L, -1861068942L, -596863184L, -810035676L, 
1654109240L, -925888294L, -1595382384L, -1014453508L, -1673747564L, 
2005886786L, 690982400L, 1733334588L, -1046963632L, 779167394L, 
-528678072L, -1221365236L, 345860316L, 1746152018L, -2132504448L, 
1790208852L, -845711896L, -2131247366L, 992226128L, -1460429780L, 
-1453627020L, 766170770L, -1830711712L, 247883404L, 280856416L, 
187820770L, 143290536L, 539946188L, -630685188L, 1518473138L, 
-346961424L, 2037126596L, -2106156200L, 168816506L, 811763120L, 
-1305025092L, 1321739348L, 821761986L, -103532768L, 952200124L, 
-1320942000L, -2075424286L, -575650456L, -1498858164L, -1622035204L, 
-2199759L, 1844757622L, -136290924L, 1553099173L, 2060157615L, 
-714652824L, -453771450L, -955668749L, 606300245L, -1272261582L, 
-1282199040L, 2081211113L, -448292517L, -231599188L, -886116422L, 
-1380021905L, 50463481L, -1373164658L, -1063496100L, -322501427L, 
-37073865L, -1536563520L, -248856162L, -1167164821L, -1720081939L, 
41349210L, 809459480L, 1382655105L, 796688947L, -1707204524L, 
2098226274L, -1819874569L, -454920895L, -477604922L, 1408610564L, 
1887441077L, -577036385L, 1282347000L, 2064662998L, 1425528931L, 
-334304219L, -1932784702L, -1571782480L, 898411737L, 122972747L, 
1321494716L, -28832022L, 1101586207L, -1941053527L, -1239303874L, 
1781178412L, -179736963L, 1104310471L, 95976880L, 297170894L, 
186871035L, -121791651L, -1221238646L, -1748783448L, -1483320815L, 
-2082700541L, 2111804932L, -1472403918L, 683062919L, -208332079L, 
-1224618922L, -1979497420L, -1535883451L, -1091228273L, -1851908856L, 
1115438886L, -511500333L, 772968757L, -1410381678L, 590596192L, 
-1066017335L, -1211427589L, -1215726900L, -465993894L, 919931471L, 
-837038311L, 1689045294L, 1749113660L, -1253531475L, -472210601L, 
1005995680L, 685928446L, -1244748085L, -948852531L, -285070342L, 
1831794744L, 1226547681L, -236623213L, 429703348L, -357084734L, 
-2031306281L, 1926063649L, 964206054L, 83662052L, 1397795861L, 
-1890587585L, 868320216L, 1937364470L, 460232195L, 195825989L, 
543626594L, 97887952L, -1590623751L, 539664683L, 218098332L, 
-233439030L, -80041537L, -2121884407L, 172301854L, -1831926836L, 
528191901L, -1387697113L, -1768205744L, 257474286L, 249100187L, 
2090370557L, 1968240874L, 885607304L, 624166193L, 42384803L, 
476187044L, 2126498898L, -308840537L, -690912271L, -2034682058L, 
1815024596L, 2031516005L, 833324399L, -1573595224L, 554441990L, 
-1768152013L, -373325163L, 564261618L, 1105951552L, -1011756887L, 
-1516612325L, 820458220L, -1603883270L, 380428079L, -1023238343L, 
1885577550L, -423034980L, -1626264307L, 1216345975L, -1978092672L, 
